	CO	S1C1	S1C2	S2C1	S2C2	S2C3	S3C1	S3C2	Demanda
CO	0	3.56	2.98	2.71	2.28	2.57	1.29	2.1	0
S1C1	3.56	0	0.578	0.959	1.76	2.34	3.22	2.76	11
S1C2	2.98	0.578	0	0.385	1.21	1.88	3.01	2.57	11
S2C1	2.71	0.959	0.385	0	0.824	1.54	2.19	1.83	9
S2C2	2.28	1.76	1.21	0.824	0	0.789	1.46	1.01	9
S2C3	2.57	2.34	1.88	1.54	0.789	0	1.42	0.601	9
S3C1	1.29	3.22	3.01	2.19	1.46	1.42	0	0.826	13
S3C2	2.1	2.76	2.57	1.83	1.01	0.601	0.826	0	13
